(kicad_pcb (version 20171130) (host pcbnew "(5.1.6)-1")

  (general
    (thickness 1.6)
    (drawings 0)
    (tracks 115)
    (zones 0)
    (modules 22)
    (nets 41)
  )

  (page A4)
  (layers
    (0 F.Cu signal)
    (31 B.Cu signal)
    (32 B.Adhes user)
    (33 F.Adhes user)
    (34 B.Paste user)
    (35 F.Paste user)
    (36 B.SilkS user)
    (37 F.SilkS user)
    (38 B.Mask user)
    (39 F.Mask user)
    (40 Dwgs.User user)
    (41 Cmts.User user)
    (42 Eco1.User user)
    (43 Eco2.User user)
    (44 Edge.Cuts user)
    (45 Margin user)
    (46 B.CrtYd user)
    (47 F.CrtYd user)
    (48 B.Fab user hide)
    (49 F.Fab user hide)
  )

  (setup
    (last_trace_width 0.25)
    (trace_clearance 0.2)
    (zone_clearance 0.508)
    (zone_45_only no)
    (trace_min 0.2)
    (via_size 0.8)
    (via_drill 0.4)
    (via_min_size 0.4)
    (via_min_drill 0.3)
    (uvia_size 0.3)
    (uvia_drill 0.1)
    (uvias_allowed no)
    (uvia_min_size 0.2)
    (uvia_min_drill 0.1)
    (edge_width 0.05)
    (segment_width 0.2)
    (pcb_text_width 0.3)
    (pcb_text_size 1.5 1.5)
    (mod_edge_width 0.12)
    (mod_text_size 1 1)
    (mod_text_width 0.15)
    (pad_size 1.524 1.524)
    (pad_drill 0.762)
    (pad_to_mask_clearance 0.05)
    (aux_axis_origin 0 0)
    (visible_elements 7FFFFFFF)
    (pcbplotparams
      (layerselection 0x010fc_ffffffff)
      (usegerberextensions false)
      (usegerberattributes true)
      (usegerberadvancedattributes true)
      (creategerberjobfile true)
      (excludeedgelayer true)
      (linewidth 0.100000)
      (plotframeref false)
      (viasonmask false)
      (mode 1)
      (useauxorigin false)
      (hpglpennumber 1)
      (hpglpenspeed 20)
      (hpglpendiameter 15.000000)
      (psnegative false)
      (psa4output false)
      (plotreference true)
      (plotvalue true)
      (plotinvisibletext false)
      (padsonsilk false)
      (subtractmaskfromsilk false)
      (outputformat 1)
      (mirror false)
      (drillshape 1)
      (scaleselection 1)
      (outputdirectory ""))
  )

  (net 0 "")
  (net 1 "Net-(A1-Pad16)")
  (net 2 "Net-(A1-Pad15)")
  (net 3 +10V)
  (net 4 "Net-(A1-Pad14)")
  (net 5 "Net-(A1-Pad13)")
  (net 6 "Net-(A1-Pad28)")
  (net 7 "Net-(A1-Pad12)")
  (net 8 "Net-(A1-Pad27)")
  (net 9 "Net-(A1-Pad11)")
  (net 10 "Net-(A1-Pad26)")
  (net 11 "Net-(A1-Pad10)")
  (net 12 "Net-(A1-Pad25)")
  (net 13 "Net-(A1-Pad9)")
  (net 14 "Net-(A1-Pad24)")
  (net 15 "Net-(A1-Pad8)")
  (net 16 "Net-(A1-Pad23)")
  (net 17 "Net-(A1-Pad7)")
  (net 18 "Net-(A1-Pad22)")
  (net 19 "Net-(A1-Pad6)")
  (net 20 "Net-(A1-Pad21)")
  (net 21 "Net-(A1-Pad5)")
  (net 22 /A1)
  (net 23 GND)
  (net 24 "Net-(A1-Pad3)")
  (net 25 "Net-(A1-Pad18)")
  (net 26 "Net-(A1-Pad2)")
  (net 27 "Net-(A1-Pad17)")
  (net 28 "Net-(A1-Pad1)")
  (net 29 "Net-(Q1-Pad2)")
  (net 30 "Net-(C1-Pad1)")
  (net 31 "Net-(Q1-Pad7)")
  (net 32 "Net-(R1-Pad2)")
  (net 33 "Net-(R10-Pad2)")
  (net 34 "Net-(R14-Pad2)")
  (net 35 "Net-(D3-Pad7)")
  (net 36 "Net-(D3-Pad3)")
  (net 37 "Net-(D3-Pad6)")
  (net 38 "Net-(D3-Pad2)")
  (net 39 /1)
  (net 40 /VIN)

  (net_class Default "This is the default net class."
    (clearance 0.2)
    (trace_width 0.25)
    (via_dia 0.8)
    (via_drill 0.4)
    (uvia_dia 0.3)
    (uvia_drill 0.1)
    (add_net +10V)
    (add_net /1)
    (add_net /A1)
    (add_net /VIN)
    (add_net GND)
    (add_net "Net-(A1-Pad1)")
    (add_net "Net-(A1-Pad10)")
    (add_net "Net-(A1-Pad11)")
    (add_net "Net-(A1-Pad12)")
    (add_net "Net-(A1-Pad13)")
    (add_net "Net-(A1-Pad14)")
    (add_net "Net-(A1-Pad15)")
    (add_net "Net-(A1-Pad16)")
    (add_net "Net-(A1-Pad17)")
    (add_net "Net-(A1-Pad18)")
    (add_net "Net-(A1-Pad2)")
    (add_net "Net-(A1-Pad21)")
    (add_net "Net-(A1-Pad22)")
    (add_net "Net-(A1-Pad23)")
    (add_net "Net-(A1-Pad24)")
    (add_net "Net-(A1-Pad25)")
    (add_net "Net-(A1-Pad26)")
    (add_net "Net-(A1-Pad27)")
    (add_net "Net-(A1-Pad28)")
    (add_net "Net-(A1-Pad3)")
    (add_net "Net-(A1-Pad5)")
    (add_net "Net-(A1-Pad6)")
    (add_net "Net-(A1-Pad7)")
    (add_net "Net-(A1-Pad8)")
    (add_net "Net-(A1-Pad9)")
    (add_net "Net-(C1-Pad1)")
    (add_net "Net-(D3-Pad2)")
    (add_net "Net-(D3-Pad3)")
    (add_net "Net-(D3-Pad6)")
    (add_net "Net-(D3-Pad7)")
    (add_net "Net-(Q1-Pad2)")
    (add_net "Net-(Q1-Pad7)")
    (add_net "Net-(R1-Pad2)")
    (add_net "Net-(R10-Pad2)")
    (add_net "Net-(R14-Pad2)")
  )

  (module Package_SO:TSSOP-8_3x3mm_P0.65mm (layer F.Cu) (tedit 5A02F25C) (tstamp 5F479A32)
    (at 82.55 133.35 270)
    (descr "TSSOP8: plastic thin shrink small outline package; 8 leads; body width 3 mm; (see NXP SSOP-TSSOP-VSO-REFLOW.pdf and sot505-1_po.pdf)")
    (tags "SSOP 0.65")
    (path /5F4B2699)
    (attr smd)
    (fp_text reference D3 (at 0 -2.55 90) (layer F.SilkS)
      (effects (font (size 1 1) (thickness 0.15)))
    )
    (fp_text value lm358_11 (at 0 2.55 90) (layer F.Fab)
      (effects (font (size 1 1) (thickness 0.15)))
    )
    (fp_text user %R (at 0 0 90) (layer F.Fab)
      (effects (font (size 0.6 0.6) (thickness 0.15)))
    )
    (fp_line (start -0.5 -1.5) (end 1.5 -1.5) (layer F.Fab) (width 0.15))
    (fp_line (start 1.5 -1.5) (end 1.5 1.5) (layer F.Fab) (width 0.15))
    (fp_line (start 1.5 1.5) (end -1.5 1.5) (layer F.Fab) (width 0.15))
    (fp_line (start -1.5 1.5) (end -1.5 -0.5) (layer F.Fab) (width 0.15))
    (fp_line (start -1.5 -0.5) (end -0.5 -1.5) (layer F.Fab) (width 0.15))
    (fp_line (start -2.95 -1.8) (end -2.95 1.8) (layer F.CrtYd) (width 0.05))
    (fp_line (start 2.95 -1.8) (end 2.95 1.8) (layer F.CrtYd) (width 0.05))
    (fp_line (start -2.95 -1.8) (end 2.95 -1.8) (layer F.CrtYd) (width 0.05))
    (fp_line (start -2.95 1.8) (end 2.95 1.8) (layer F.CrtYd) (width 0.05))
    (fp_line (start -1.625 -1.625) (end -1.625 -1.5) (layer F.SilkS) (width 0.15))
    (fp_line (start 1.625 -1.625) (end 1.625 -1.4) (layer F.SilkS) (width 0.15))
    (fp_line (start 1.625 1.625) (end 1.625 1.4) (layer F.SilkS) (width 0.15))
    (fp_line (start -1.625 1.625) (end -1.625 1.4) (layer F.SilkS) (width 0.15))
    (fp_line (start -1.625 -1.625) (end 1.625 -1.625) (layer F.SilkS) (width 0.15))
    (fp_line (start -1.625 1.625) (end 1.625 1.625) (layer F.SilkS) (width 0.15))
    (fp_line (start -1.625 -1.5) (end -2.7 -1.5) (layer F.SilkS) (width 0.15))
    (pad 8 smd rect (at 2.15 -0.975 270) (size 1.1 0.4) (layers F.Cu F.Paste F.Mask)
      (net 40 /VIN))
    (pad 7 smd rect (at 2.15 -0.325 270) (size 1.1 0.4) (layers F.Cu F.Paste F.Mask)
      (net 35 "Net-(D3-Pad7)"))
    (pad 6 smd rect (at 2.15 0.325 270) (size 1.1 0.4) (layers F.Cu F.Paste F.Mask)
      (net 37 "Net-(D3-Pad6)"))
    (pad 5 smd rect (at 2.15 0.975 270) (size 1.1 0.4) (layers F.Cu F.Paste F.Mask)
      (net 30 "Net-(C1-Pad1)"))
    (pad 4 smd rect (at -2.15 0.975 270) (size 1.1 0.4) (layers F.Cu F.Paste F.Mask)
      (net 23 GND))
    (pad 3 smd rect (at -2.15 0.325 270) (size 1.1 0.4) (layers F.Cu F.Paste F.Mask)
      (net 36 "Net-(D3-Pad3)"))
    (pad 2 smd rect (at -2.15 -0.325 270) (size 1.1 0.4) (layers F.Cu F.Paste F.Mask)
      (net 38 "Net-(D3-Pad2)"))
    (pad 1 smd rect (at -2.15 -0.975 270) (size 1.1 0.4) (layers F.Cu F.Paste F.Mask)
      (net 39 /1))
    (model ${KISYS3DMOD}/Package_SO.3dshapes/TSSOP-8_3x3mm_P0.65mm.wrl
      (at (xyz 0 0 0))
      (scale (xyz 1 1 1))
      (rotate (xyz 0 0 0))
    )
  )

  (module TerminalBlock_TE-Connectivity:TerminalBlock_TE_282834-3_1x03_P2.54mm_Horizontal (layer B.Cu) (tedit 5B1EC513) (tstamp 5F46DC91)
    (at 88.9 93.98)
    (descr "Terminal Block TE 282834-3, 3 pins, pitch 2.54mm, size 8.08x6.5mm^2, drill diamater 1.1mm, pad diameter 2.1mm, see http://www.te.com/commerce/DocumentDelivery/DDEController?Action=showdoc&DocId=Customer+Drawing%7F282834%7FC1%7Fpdf%7FEnglish%7FENG_CD_282834_C1.pdf, script-generated using https://github.com/pointhi/kicad-footprint-generator/scripts/TerminalBlock_TE-Connectivity")
    (tags "THT Terminal Block TE 282834-3 pitch 2.54mm size 8.08x6.5mm^2 drill 1.1mm pad 2.1mm")
    (path /5F400023)
    (fp_text reference U10 (at 2.54 4.37) (layer B.SilkS)
      (effects (font (size 1 1) (thickness 0.15)) (justify mirror))
    )
    (fp_text value LM355 (at 2.54 -4.37) (layer B.Fab)
      (effects (font (size 1 1) (thickness 0.15)) (justify mirror))
    )
    (fp_line (start 7.08 3.75) (end -2 3.75) (layer B.CrtYd) (width 0.05))
    (fp_line (start 7.08 -3.75) (end 7.08 3.75) (layer B.CrtYd) (width 0.05))
    (fp_line (start -2 -3.75) (end 7.08 -3.75) (layer B.CrtYd) (width 0.05))
    (fp_line (start -2 3.75) (end -2 -3.75) (layer B.CrtYd) (width 0.05))
    (fp_line (start -1.86 -3.61) (end -1.46 -3.61) (layer B.SilkS) (width 0.12))
    (fp_line (start -1.86 -2.97) (end -1.86 -3.61) (layer B.SilkS) (width 0.12))
    (fp_line (start 5.781 0.835) (end 4.246 -0.7) (layer B.Fab) (width 0.1))
    (fp_line (start 5.915 0.7) (end 4.38 -0.835) (layer B.Fab) (width 0.1))
    (fp_line (start 3.241 0.835) (end 1.706 -0.7) (layer B.Fab) (width 0.1))
    (fp_line (start 3.375 0.7) (end 1.84 -0.835) (layer B.Fab) (width 0.1))
    (fp_line (start 0.701 0.835) (end -0.835 -0.7) (layer B.Fab) (width 0.1))
    (fp_line (start 0.835 0.7) (end -0.701 -0.835) (layer B.Fab) (width 0.1))
    (fp_line (start 6.7 3.37) (end 6.7 -3.37) (layer B.SilkS) (width 0.12))
    (fp_line (start -1.62 3.37) (end -1.62 -3.37) (layer B.SilkS) (width 0.12))
    (fp_line (start -1.62 -3.37) (end 6.7 -3.37) (layer B.SilkS) (width 0.12))
    (fp_line (start -1.62 3.37) (end 6.7 3.37) (layer B.SilkS) (width 0.12))
    (fp_line (start -1.62 2.25) (end 6.7 2.25) (layer B.SilkS) (width 0.12))
    (fp_line (start -1.5 2.25) (end 6.58 2.25) (layer B.Fab) (width 0.1))
    (fp_line (start -1.62 -2.85) (end 6.7 -2.85) (layer B.SilkS) (width 0.12))
    (fp_line (start -1.5 -2.85) (end 6.58 -2.85) (layer B.Fab) (width 0.1))
    (fp_line (start -1.5 -2.85) (end -1.5 3.25) (layer B.Fab) (width 0.1))
    (fp_line (start -1.1 -3.25) (end -1.5 -2.85) (layer B.Fab) (width 0.1))
    (fp_line (start 6.58 -3.25) (end -1.1 -3.25) (layer B.Fab) (width 0.1))
    (fp_line (start 6.58 3.25) (end 6.58 -3.25) (layer B.Fab) (width 0.1))
    (fp_line (start -1.5 3.25) (end 6.58 3.25) (layer B.Fab) (width 0.1))
    (fp_circle (center 5.08 0) (end 6.18 0) (layer B.Fab) (width 0.1))
    (fp_circle (center 2.54 0) (end 3.64 0) (layer B.Fab) (width 0.1))
    (fp_circle (center 0 0) (end 1.1 0) (layer B.Fab) (width 0.1))
    (fp_text user %R (at 5.08 3.81) (layer B.Fab)
      (effects (font (size 1 1) (thickness 0.15)) (justify mirror))
    )
    (pad 3 thru_hole circle (at 5.08 0) (size 2.1 2.1) (drill 1.1) (layers *.Cu *.Mask)
      (net 23 GND))
    (pad 2 thru_hole circle (at 2.54 0) (size 2.1 2.1) (drill 1.1) (layers *.Cu *.Mask)
      (net 18 "Net-(A1-Pad22)"))
    (pad 1 thru_hole rect (at 0 0) (size 2.1 2.1) (drill 1.1) (layers *.Cu *.Mask)
      (net 34 "Net-(R14-Pad2)"))
    (model ${KISYS3DMOD}/TerminalBlock_TE-Connectivity.3dshapes/TerminalBlock_TE_282834-3_1x03_P2.54mm_Horizontal.wrl
      (at (xyz 0 0 0))
      (scale (xyz 1 1 1))
      (rotate (xyz 0 0 0))
    )
  )

  (module Module:Arduino_Nano (layer F.Cu) (tedit 58ACAF70) (tstamp 5F46DACC)
    (at 78.74 99.06)
    (descr "Arduino Nano, http://www.mouser.com/pdfdocs/Gravitech_Arduino_Nano3_0.pdf")
    (tags "Arduino Nano")
    (path /5F3FA74F)
    (fp_text reference A1 (at 7.62 -5.08) (layer F.SilkS)
      (effects (font (size 1 1) (thickness 0.15)))
    )
    (fp_text value Arduino_Nano_v3.x (at 8.89 19.05 90) (layer F.Fab)
      (effects (font (size 1 1) (thickness 0.15)))
    )
    (fp_line (start 1.27 1.27) (end 1.27 -1.27) (layer F.SilkS) (width 0.12))
    (fp_line (start 1.27 -1.27) (end -1.4 -1.27) (layer F.SilkS) (width 0.12))
    (fp_line (start -1.4 1.27) (end -1.4 39.5) (layer F.SilkS) (width 0.12))
    (fp_line (start -1.4 -3.94) (end -1.4 -1.27) (layer F.SilkS) (width 0.12))
    (fp_line (start 13.97 -1.27) (end 16.64 -1.27) (layer F.SilkS) (width 0.12))
    (fp_line (start 13.97 -1.27) (end 13.97 36.83) (layer F.SilkS) (width 0.12))
    (fp_line (start 13.97 36.83) (end 16.64 36.83) (layer F.SilkS) (width 0.12))
    (fp_line (start 1.27 1.27) (end -1.4 1.27) (layer F.SilkS) (width 0.12))
    (fp_line (start 1.27 1.27) (end 1.27 36.83) (layer F.SilkS) (width 0.12))
    (fp_line (start 1.27 36.83) (end -1.4 36.83) (layer F.SilkS) (width 0.12))
    (fp_line (start 3.81 31.75) (end 11.43 31.75) (layer F.Fab) (width 0.1))
    (fp_line (start 11.43 31.75) (end 11.43 41.91) (layer F.Fab) (width 0.1))
    (fp_line (start 11.43 41.91) (end 3.81 41.91) (layer F.Fab) (width 0.1))
    (fp_line (start 3.81 41.91) (end 3.81 31.75) (layer F.Fab) (width 0.1))
    (fp_line (start -1.4 39.5) (end 16.64 39.5) (layer F.SilkS) (width 0.12))
    (fp_line (start 16.64 39.5) (end 16.64 -3.94) (layer F.SilkS) (width 0.12))
    (fp_line (start 16.64 -3.94) (end -1.4 -3.94) (layer F.SilkS) (width 0.12))
    (fp_line (start 16.51 39.37) (end -1.27 39.37) (layer F.Fab) (width 0.1))
    (fp_line (start -1.27 39.37) (end -1.27 -2.54) (layer F.Fab) (width 0.1))
    (fp_line (start -1.27 -2.54) (end 0 -3.81) (layer F.Fab) (width 0.1))
    (fp_line (start 0 -3.81) (end 16.51 -3.81) (layer F.Fab) (width 0.1))
    (fp_line (start 16.51 -3.81) (end 16.51 39.37) (layer F.Fab) (width 0.1))
    (fp_line (start -1.53 -4.06) (end 16.75 -4.06) (layer F.CrtYd) (width 0.05))
    (fp_line (start -1.53 -4.06) (end -1.53 42.16) (layer F.CrtYd) (width 0.05))
    (fp_line (start 16.75 42.16) (end 16.75 -4.06) (layer F.CrtYd) (width 0.05))
    (fp_line (start 16.75 42.16) (end -1.53 42.16) (layer F.CrtYd) (width 0.05))
    (fp_text user %R (at 6.35 19.05 90) (layer F.Fab)
      (effects (font (size 1 1) (thickness 0.15)))
    )
    (pad 1 thru_hole rect (at 0 0) (size 1.6 1.6) (drill 1) (layers *.Cu *.Mask)
      (net 28 "Net-(A1-Pad1)"))
    (pad 17 thru_hole oval (at 15.24 33.02) (size 1.6 1.6) (drill 1) (layers *.Cu *.Mask)
      (net 27 "Net-(A1-Pad17)"))
    (pad 2 thru_hole oval (at 0 2.54) (size 1.6 1.6) (drill 1) (layers *.Cu *.Mask)
      (net 26 "Net-(A1-Pad2)"))
    (pad 18 thru_hole oval (at 15.24 30.48) (size 1.6 1.6) (drill 1) (layers *.Cu *.Mask)
      (net 25 "Net-(A1-Pad18)"))
    (pad 3 thru_hole oval (at 0 5.08) (size 1.6 1.6) (drill 1) (layers *.Cu *.Mask)
      (net 24 "Net-(A1-Pad3)"))
    (pad 19 thru_hole oval (at 15.24 27.94) (size 1.6 1.6) (drill 1) (layers *.Cu *.Mask)
      (net 39 /1))
    (pad 4 thru_hole oval (at 0 7.62) (size 1.6 1.6) (drill 1) (layers *.Cu *.Mask)
      (net 23 GND))
    (pad 20 thru_hole oval (at 15.24 25.4) (size 1.6 1.6) (drill 1) (layers *.Cu *.Mask)
      (net 22 /A1))
    (pad 5 thru_hole oval (at 0 10.16) (size 1.6 1.6) (drill 1) (layers *.Cu *.Mask)
      (net 21 "Net-(A1-Pad5)"))
    (pad 21 thru_hole oval (at 15.24 22.86) (size 1.6 1.6) (drill 1) (layers *.Cu *.Mask)
      (net 20 "Net-(A1-Pad21)"))
    (pad 6 thru_hole oval (at 0 12.7) (size 1.6 1.6) (drill 1) (layers *.Cu *.Mask)
      (net 19 "Net-(A1-Pad6)"))
    (pad 22 thru_hole oval (at 15.24 20.32) (size 1.6 1.6) (drill 1) (layers *.Cu *.Mask)
      (net 18 "Net-(A1-Pad22)"))
    (pad 7 thru_hole oval (at 0 15.24) (size 1.6 1.6) (drill 1) (layers *.Cu *.Mask)
      (net 17 "Net-(A1-Pad7)"))
    (pad 23 thru_hole oval (at 15.24 17.78) (size 1.6 1.6) (drill 1) (layers *.Cu *.Mask)
      (net 16 "Net-(A1-Pad23)"))
    (pad 8 thru_hole oval (at 0 17.78) (size 1.6 1.6) (drill 1) (layers *.Cu *.Mask)
      (net 15 "Net-(A1-Pad8)"))
    (pad 24 thru_hole oval (at 15.24 15.24) (size 1.6 1.6) (drill 1) (layers *.Cu *.Mask)
      (net 14 "Net-(A1-Pad24)"))
    (pad 9 thru_hole oval (at 0 20.32) (size 1.6 1.6) (drill 1) (layers *.Cu *.Mask)
      (net 13 "Net-(A1-Pad9)"))
    (pad 25 thru_hole oval (at 15.24 12.7) (size 1.6 1.6) (drill 1) (layers *.Cu *.Mask)
      (net 12 "Net-(A1-Pad25)"))
    (pad 10 thru_hole oval (at 0 22.86) (size 1.6 1.6) (drill 1) (layers *.Cu *.Mask)
      (net 11 "Net-(A1-Pad10)"))
    (pad 26 thru_hole oval (at 15.24 10.16) (size 1.6 1.6) (drill 1) (layers *.Cu *.Mask)
      (net 10 "Net-(A1-Pad26)"))
    (pad 11 thru_hole oval (at 0 25.4) (size 1.6 1.6) (drill 1) (layers *.Cu *.Mask)
      (net 9 "Net-(A1-Pad11)"))
    (pad 27 thru_hole oval (at 15.24 7.62) (size 1.6 1.6) (drill 1) (layers *.Cu *.Mask)
      (net 8 "Net-(A1-Pad27)"))
    (pad 12 thru_hole oval (at 0 27.94) (size 1.6 1.6) (drill 1) (layers *.Cu *.Mask)
      (net 7 "Net-(A1-Pad12)"))
    (pad 28 thru_hole oval (at 15.24 5.08) (size 1.6 1.6) (drill 1) (layers *.Cu *.Mask)
      (net 6 "Net-(A1-Pad28)"))
    (pad 13 thru_hole oval (at 0 30.48) (size 1.6 1.6) (drill 1) (layers *.Cu *.Mask)
      (net 5 "Net-(A1-Pad13)"))
    (pad 29 thru_hole oval (at 15.24 2.54) (size 1.6 1.6) (drill 1) (layers *.Cu *.Mask)
      (net 23 GND))
    (pad 14 thru_hole oval (at 0 33.02) (size 1.6 1.6) (drill 1) (layers *.Cu *.Mask)
      (net 4 "Net-(A1-Pad14)"))
    (pad 30 thru_hole oval (at 15.24 0) (size 1.6 1.6) (drill 1) (layers *.Cu *.Mask)
      (net 3 +10V))
    (pad 15 thru_hole oval (at 0 35.56) (size 1.6 1.6) (drill 1) (layers *.Cu *.Mask)
      (net 2 "Net-(A1-Pad15)"))
    (pad 16 thru_hole oval (at 15.24 35.56) (size 1.6 1.6) (drill 1) (layers *.Cu *.Mask)
      (net 1 "Net-(A1-Pad16)"))
    (model ${KISYS3DMOD}/Module.3dshapes/Arduino_Nano_WithMountingHoles.wrl
      (at (xyz 0 0 0))
      (scale (xyz 1 1 1))
      (rotate (xyz 0 0 0))
    )
  )

  (module Capacitor_SMD:C_1206_3216Metric_Pad1.42x1.75mm_HandSolder (layer B.Cu) (tedit 5B301BBE) (tstamp 5F46DBAF)
    (at 82.55 113.03)
    (descr "Capacitor SMD 1206 (3216 Metric), square (rectangular) end terminal, IPC_7351 nominal with elongated pad for handsoldering. (Body size source: http://www.tortai-tech.com/upload/download/2011102023233369053.pdf), generated with kicad-footprint-generator")
    (tags "capacitor handsolder")
    (path /5F477C35)
    (attr smd)
    (fp_text reference R10 (at 0 1.82) (layer B.SilkS)
      (effects (font (size 1 1) (thickness 0.15)) (justify mirror))
    )
    (fp_text value 330 (at 0 -1.82) (layer B.Fab)
      (effects (font (size 1 1) (thickness 0.15)) (justify mirror))
    )
    (fp_line (start 2.45 -1.12) (end -2.45 -1.12) (layer B.CrtYd) (width 0.05))
    (fp_line (start 2.45 1.12) (end 2.45 -1.12) (layer B.CrtYd) (width 0.05))
    (fp_line (start -2.45 1.12) (end 2.45 1.12) (layer B.CrtYd) (width 0.05))
    (fp_line (start -2.45 -1.12) (end -2.45 1.12) (layer B.CrtYd) (width 0.05))
    (fp_line (start -0.602064 -0.91) (end 0.602064 -0.91) (layer B.SilkS) (width 0.12))
    (fp_line (start -0.602064 0.91) (end 0.602064 0.91) (layer B.SilkS) (width 0.12))
    (fp_line (start 1.6 -0.8) (end -1.6 -0.8) (layer B.Fab) (width 0.1))
    (fp_line (start 1.6 0.8) (end 1.6 -0.8) (layer B.Fab) (width 0.1))
    (fp_line (start -1.6 0.8) (end 1.6 0.8) (layer B.Fab) (width 0.1))
    (fp_line (start -1.6 -0.8) (end -1.6 0.8) (layer B.Fab) (width 0.1))
    (fp_text user %R (at 0 0) (layer B.Fab)
      (effects (font (size 0.8 0.8) (thickness 0.12)) (justify mirror))
    )
    (pad 2 smd roundrect (at 1.4875 0) (size 1.425 1.75) (layers B.Cu B.Paste B.Mask) (roundrect_rratio 0.175439)
      (net 33 "Net-(R10-Pad2)"))
    (pad 1 smd roundrect (at -1.4875 0) (size 1.425 1.75) (layers B.Cu B.Paste B.Mask) (roundrect_rratio 0.175439)
      (net 35 "Net-(D3-Pad7)"))
    (model ${KISYS3DMOD}/Capacitor_SMD.3dshapes/C_1206_3216Metric.wrl
      (at (xyz 0 0 0))
      (scale (xyz 1 1 1))
      (rotate (xyz 0 0 0))
    )
  )

  (module Package_TO_SOT_SMD:TO-252-3_TabPin2 (layer B.Cu) (tedit 5A70F30B) (tstamp 5F46DC6D)
    (at 83.82 120.65 270)
    (descr "TO-252 / DPAK SMD package, http://www.infineon.com/cms/en/product/packages/PG-TO252/PG-TO252-3-1/")
    (tags "DPAK TO-252 DPAK-3 TO-252-3 SOT-428")
    (path /5F4C171E)
    (attr smd)
    (fp_text reference U3 (at 0 4.5 90) (layer B.SilkS)
      (effects (font (size 1 1) (thickness 0.15)) (justify mirror))
    )
    (fp_text value LM317_TO-252 (at 0 -4.5 90) (layer B.Fab)
      (effects (font (size 1 1) (thickness 0.15)) (justify mirror))
    )
    (fp_line (start 3.95 2.7) (end 4.95 2.7) (layer B.Fab) (width 0.1))
    (fp_line (start 4.95 2.7) (end 4.95 -2.7) (layer B.Fab) (width 0.1))
    (fp_line (start 4.95 -2.7) (end 3.95 -2.7) (layer B.Fab) (width 0.1))
    (fp_line (start 3.95 3.25) (end 3.95 -3.25) (layer B.Fab) (width 0.1))
    (fp_line (start 3.95 -3.25) (end -2.27 -3.25) (layer B.Fab) (width 0.1))
    (fp_line (start -2.27 -3.25) (end -2.27 2.25) (layer B.Fab) (width 0.1))
    (fp_line (start -2.27 2.25) (end -1.27 3.25) (layer B.Fab) (width 0.1))
    (fp_line (start -1.27 3.25) (end 3.95 3.25) (layer B.Fab) (width 0.1))
    (fp_line (start -1.865 2.655) (end -4.97 2.655) (layer B.Fab) (width 0.1))
    (fp_line (start -4.97 2.655) (end -4.97 1.905) (layer B.Fab) (width 0.1))
    (fp_line (start -4.97 1.905) (end -2.27 1.905) (layer B.Fab) (width 0.1))
    (fp_line (start -2.27 0.375) (end -4.97 0.375) (layer B.Fab) (width 0.1))
    (fp_line (start -4.97 0.375) (end -4.97 -0.375) (layer B.Fab) (width 0.1))
    (fp_line (start -4.97 -0.375) (end -2.27 -0.375) (layer B.Fab) (width 0.1))
    (fp_line (start -2.27 -1.905) (end -4.97 -1.905) (layer B.Fab) (width 0.1))
    (fp_line (start -4.97 -1.905) (end -4.97 -2.655) (layer B.Fab) (width 0.1))
    (fp_line (start -4.97 -2.655) (end -2.27 -2.655) (layer B.Fab) (width 0.1))
    (fp_line (start -0.97 3.45) (end -2.47 3.45) (layer B.SilkS) (width 0.12))
    (fp_line (start -2.47 3.45) (end -2.47 3.18) (layer B.SilkS) (width 0.12))
    (fp_line (start -2.47 3.18) (end -5.3 3.18) (layer B.SilkS) (width 0.12))
    (fp_line (start -0.97 -3.45) (end -2.47 -3.45) (layer B.SilkS) (width 0.12))
    (fp_line (start -2.47 -3.45) (end -2.47 -3.18) (layer B.SilkS) (width 0.12))
    (fp_line (start -2.47 -3.18) (end -3.57 -3.18) (layer B.SilkS) (width 0.12))
    (fp_line (start -5.55 3.5) (end -5.55 -3.5) (layer B.CrtYd) (width 0.05))
    (fp_line (start -5.55 -3.5) (end 5.55 -3.5) (layer B.CrtYd) (width 0.05))
    (fp_line (start 5.55 -3.5) (end 5.55 3.5) (layer B.CrtYd) (width 0.05))
    (fp_line (start 5.55 3.5) (end -5.55 3.5) (layer B.CrtYd) (width 0.05))
    (fp_text user %R (at 0 0 90) (layer B.Fab)
      (effects (font (size 1 1) (thickness 0.15)) (justify mirror))
    )
    (pad "" smd rect (at 0.425 -1.525 270) (size 3.05 2.75) (layers B.Paste))
    (pad "" smd rect (at 3.775 1.525 270) (size 3.05 2.75) (layers B.Paste))
    (pad "" smd rect (at 0.425 1.525 270) (size 3.05 2.75) (layers B.Paste))
    (pad "" smd rect (at 3.775 -1.525 270) (size 3.05 2.75) (layers B.Paste))
    (pad 2 smd rect (at 2.1 0 270) (size 6.4 5.8) (layers B.Cu B.Mask)
      (net 33 "Net-(R10-Pad2)"))
    (pad 3 smd rect (at -4.2 -2.28 270) (size 2.2 1.2) (layers B.Cu B.Paste B.Mask)
      (net 31 "Net-(Q1-Pad7)"))
    (pad 2 smd rect (at -4.2 0 270) (size 2.2 1.2) (layers B.Cu B.Paste B.Mask)
      (net 33 "Net-(R10-Pad2)"))
    (pad 1 smd rect (at -4.2 2.28 270) (size 2.2 1.2) (layers B.Cu B.Paste B.Mask)
      (net 35 "Net-(D3-Pad7)"))
    (model ${KISYS3DMOD}/Package_TO_SOT_SMD.3dshapes/TO-252-3_TabPin2.wrl
      (at (xyz 0 0 0))
      (scale (xyz 1 1 1))
      (rotate (xyz 0 0 0))
    )
  )

  (module Capacitor_SMD:C_1206_3216Metric (layer B.Cu) (tedit 5B301BBE) (tstamp 5F46DC15)
    (at 81.28 107.95 270)
    (descr "Capacitor SMD 1206 (3216 Metric), square (rectangular) end terminal, IPC_7351 nominal, (Body size source: http://www.tortai-tech.com/upload/download/2011102023233369053.pdf), generated with kicad-footprint-generator")
    (tags capacitor)
    (path /5F4D13E3)
    (attr smd)
    (fp_text reference R16 (at 0 1.82 270) (layer B.SilkS)
      (effects (font (size 1 1) (thickness 0.15)) (justify mirror))
    )
    (fp_text value 100 (at 0 -1.82 270) (layer B.Fab)
      (effects (font (size 1 1) (thickness 0.15)) (justify mirror))
    )
    (fp_line (start 2.28 -1.12) (end -2.28 -1.12) (layer B.CrtYd) (width 0.05))
    (fp_line (start 2.28 1.12) (end 2.28 -1.12) (layer B.CrtYd) (width 0.05))
    (fp_line (start -2.28 1.12) (end 2.28 1.12) (layer B.CrtYd) (width 0.05))
    (fp_line (start -2.28 -1.12) (end -2.28 1.12) (layer B.CrtYd) (width 0.05))
    (fp_line (start -0.602064 -0.91) (end 0.602064 -0.91) (layer B.SilkS) (width 0.12))
    (fp_line (start -0.602064 0.91) (end 0.602064 0.91) (layer B.SilkS) (width 0.12))
    (fp_line (start 1.6 -0.8) (end -1.6 -0.8) (layer B.Fab) (width 0.1))
    (fp_line (start 1.6 0.8) (end 1.6 -0.8) (layer B.Fab) (width 0.1))
    (fp_line (start -1.6 0.8) (end 1.6 0.8) (layer B.Fab) (width 0.1))
    (fp_line (start -1.6 -0.8) (end -1.6 0.8) (layer B.Fab) (width 0.1))
    (fp_text user %R (at 0 0 270) (layer B.Fab)
      (effects (font (size 0.8 0.8) (thickness 0.12)) (justify mirror))
    )
    (pad 2 smd roundrect (at 1.4 0 270) (size 1.25 1.75) (layers B.Cu B.Paste B.Mask) (roundrect_rratio 0.2)
      (net 21 "Net-(A1-Pad5)"))
    (pad 1 smd roundrect (at -1.4 0 270) (size 1.25 1.75) (layers B.Cu B.Paste B.Mask) (roundrect_rratio 0.2)
      (net 29 "Net-(Q1-Pad2)"))
    (model ${KISYS3DMOD}/Capacitor_SMD.3dshapes/C_1206_3216Metric.wrl
      (at (xyz 0 0 0))
      (scale (xyz 1 1 1))
      (rotate (xyz 0 0 0))
    )
  )

  (module Capacitor_SMD:C_1206_3216Metric_Pad1.42x1.75mm_HandSolder (layer B.Cu) (tedit 5B301BBE) (tstamp 5F46DC04)
    (at 83.82 107.95 90)
    (descr "Capacitor SMD 1206 (3216 Metric), square (rectangular) end terminal, IPC_7351 nominal with elongated pad for handsoldering. (Body size source: http://www.tortai-tech.com/upload/download/2011102023233369053.pdf), generated with kicad-footprint-generator")
    (tags "capacitor handsolder")
    (path /5F4D1CD8)
    (attr smd)
    (fp_text reference R15 (at 0 1.82 90) (layer B.SilkS)
      (effects (font (size 1 1) (thickness 0.15)) (justify mirror))
    )
    (fp_text value 20k (at 0 -1.82 90) (layer B.Fab)
      (effects (font (size 1 1) (thickness 0.15)) (justify mirror))
    )
    (fp_line (start 2.45 -1.12) (end -2.45 -1.12) (layer B.CrtYd) (width 0.05))
    (fp_line (start 2.45 1.12) (end 2.45 -1.12) (layer B.CrtYd) (width 0.05))
    (fp_line (start -2.45 1.12) (end 2.45 1.12) (layer B.CrtYd) (width 0.05))
    (fp_line (start -2.45 -1.12) (end -2.45 1.12) (layer B.CrtYd) (width 0.05))
    (fp_line (start -0.602064 -0.91) (end 0.602064 -0.91) (layer B.SilkS) (width 0.12))
    (fp_line (start -0.602064 0.91) (end 0.602064 0.91) (layer B.SilkS) (width 0.12))
    (fp_line (start 1.6 -0.8) (end -1.6 -0.8) (layer B.Fab) (width 0.1))
    (fp_line (start 1.6 0.8) (end 1.6 -0.8) (layer B.Fab) (width 0.1))
    (fp_line (start -1.6 0.8) (end 1.6 0.8) (layer B.Fab) (width 0.1))
    (fp_line (start -1.6 -0.8) (end -1.6 0.8) (layer B.Fab) (width 0.1))
    (fp_text user %R (at 0 0 90) (layer B.Fab)
      (effects (font (size 0.8 0.8) (thickness 0.12)) (justify mirror))
    )
    (pad 2 smd roundrect (at 1.4875 0 90) (size 1.425 1.75) (layers B.Cu B.Paste B.Mask) (roundrect_rratio 0.175439)
      (net 29 "Net-(Q1-Pad2)"))
    (pad 1 smd roundrect (at -1.4875 0 90) (size 1.425 1.75) (layers B.Cu B.Paste B.Mask) (roundrect_rratio 0.175439)
      (net 23 GND))
    (model ${KISYS3DMOD}/Capacitor_SMD.3dshapes/C_1206_3216Metric.wrl
      (at (xyz 0 0 0))
      (scale (xyz 1 1 1))
      (rotate (xyz 0 0 0))
    )
  )

  (module Capacitor_SMD:C_1206_3216Metric_Pad1.42x1.75mm_HandSolder (layer B.Cu) (tedit 5B301BBE) (tstamp 5F46DBF3)
    (at 91.44 105.41 90)
    (descr "Capacitor SMD 1206 (3216 Metric), square (rectangular) end terminal, IPC_7351 nominal with elongated pad for handsoldering. (Body size source: http://www.tortai-tech.com/upload/download/2011102023233369053.pdf), generated with kicad-footprint-generator")
    (tags "capacitor handsolder")
    (path /5F3FF4B5)
    (attr smd)
    (fp_text reference R14 (at 0 1.82 90) (layer B.SilkS)
      (effects (font (size 1 1) (thickness 0.15)) (justify mirror))
    )
    (fp_text value 4k (at 0 -1.82 90) (layer B.Fab)
      (effects (font (size 1 1) (thickness 0.15)) (justify mirror))
    )
    (fp_text user %R (at 0 0 90) (layer B.Fab)
      (effects (font (size 0.8 0.8) (thickness 0.12)) (justify mirror))
    )
    (fp_line (start -1.6 -0.8) (end -1.6 0.8) (layer B.Fab) (width 0.1))
    (fp_line (start -1.6 0.8) (end 1.6 0.8) (layer B.Fab) (width 0.1))
    (fp_line (start 1.6 0.8) (end 1.6 -0.8) (layer B.Fab) (width 0.1))
    (fp_line (start 1.6 -0.8) (end -1.6 -0.8) (layer B.Fab) (width 0.1))
    (fp_line (start -0.602064 0.91) (end 0.602064 0.91) (layer B.SilkS) (width 0.12))
    (fp_line (start -0.602064 -0.91) (end 0.602064 -0.91) (layer B.SilkS) (width 0.12))
    (fp_line (start -2.45 -1.12) (end -2.45 1.12) (layer B.CrtYd) (width 0.05))
    (fp_line (start -2.45 1.12) (end 2.45 1.12) (layer B.CrtYd) (width 0.05))
    (fp_line (start 2.45 1.12) (end 2.45 -1.12) (layer B.CrtYd) (width 0.05))
    (fp_line (start 2.45 -1.12) (end -2.45 -1.12) (layer B.CrtYd) (width 0.05))
    (pad 1 smd roundrect (at -1.4875 0 90) (size 1.425 1.75) (layers B.Cu B.Paste B.Mask) (roundrect_rratio 0.175439)
      (net 8 "Net-(A1-Pad27)"))
    (pad 2 smd roundrect (at 1.4875 0 90) (size 1.425 1.75) (layers B.Cu B.Paste B.Mask) (roundrect_rratio 0.175439)
      (net 34 "Net-(R14-Pad2)"))
    (model ${KISYS3DMOD}/Capacitor_SMD.3dshapes/C_1206_3216Metric.wrl
      (at (xyz 0 0 0))
      (scale (xyz 1 1 1))
      (rotate (xyz 0 0 0))
    )
  )

  (module Capacitor_SMD:C_1206_3216Metric_Pad1.42x1.75mm_HandSolder (layer F.Cu) (tedit 5B301BBE) (tstamp 5F46DBE2)
    (at 86.36 139.7)
    (descr "Capacitor SMD 1206 (3216 Metric), square (rectangular) end terminal, IPC_7351 nominal with elongated pad for handsoldering. (Body size source: http://www.tortai-tech.com/upload/download/2011102023233369053.pdf), generated with kicad-footprint-generator")
    (tags "capacitor handsolder")
    (path /5F45EC29)
    (attr smd)
    (fp_text reference R13 (at 0 -1.82) (layer F.SilkS)
      (effects (font (size 1 1) (thickness 0.15)))
    )
    (fp_text value 200k (at 0 1.82) (layer F.Fab)
      (effects (font (size 1 1) (thickness 0.15)))
    )
    (fp_line (start 2.45 1.12) (end -2.45 1.12) (layer F.CrtYd) (width 0.05))
    (fp_line (start 2.45 -1.12) (end 2.45 1.12) (layer F.CrtYd) (width 0.05))
    (fp_line (start -2.45 -1.12) (end 2.45 -1.12) (layer F.CrtYd) (width 0.05))
    (fp_line (start -2.45 1.12) (end -2.45 -1.12) (layer F.CrtYd) (width 0.05))
    (fp_line (start -0.602064 0.91) (end 0.602064 0.91) (layer F.SilkS) (width 0.12))
    (fp_line (start -0.602064 -0.91) (end 0.602064 -0.91) (layer F.SilkS) (width 0.12))
    (fp_line (start 1.6 0.8) (end -1.6 0.8) (layer F.Fab) (width 0.1))
    (fp_line (start 1.6 -0.8) (end 1.6 0.8) (layer F.Fab) (width 0.1))
    (fp_line (start -1.6 -0.8) (end 1.6 -0.8) (layer F.Fab) (width 0.1))
    (fp_line (start -1.6 0.8) (end -1.6 -0.8) (layer F.Fab) (width 0.1))
    (fp_text user %R (at 0 0) (layer F.Fab)
      (effects (font (size 0.8 0.8) (thickness 0.12)))
    )
    (pad 2 smd roundrect (at 1.4875 0) (size 1.425 1.75) (layers F.Cu F.Paste F.Mask) (roundrect_rratio 0.175439)
      (net 5 "Net-(A1-Pad13)"))
    (pad 1 smd roundrect (at -1.4875 0) (size 1.425 1.75) (layers F.Cu F.Paste F.Mask) (roundrect_rratio 0.175439)
      (net 30 "Net-(C1-Pad1)"))
    (model ${KISYS3DMOD}/Capacitor_SMD.3dshapes/C_1206_3216Metric.wrl
      (at (xyz 0 0 0))
      (scale (xyz 1 1 1))
      (rotate (xyz 0 0 0))
    )
  )

  (module Capacitor_SMD:C_1206_3216Metric_Pad1.42x1.75mm_HandSolder (layer B.Cu) (tedit 5B301BBE) (tstamp 5F46DBD1)
    (at 88.9 137.16)
    (descr "Capacitor SMD 1206 (3216 Metric), square (rectangular) end terminal, IPC_7351 nominal with elongated pad for handsoldering. (Body size source: http://www.tortai-tech.com/upload/download/2011102023233369053.pdf), generated with kicad-footprint-generator")
    (tags "capacitor handsolder")
    (path /5F4587E9)
    (attr smd)
    (fp_text reference R12 (at 0 1.82 -180) (layer B.SilkS)
      (effects (font (size 1 1) (thickness 0.15)) (justify mirror))
    )
    (fp_text value 80k (at 0 -1.82 -180) (layer B.Fab)
      (effects (font (size 1 1) (thickness 0.15)) (justify mirror))
    )
    (fp_line (start 2.45 -1.12) (end -2.45 -1.12) (layer B.CrtYd) (width 0.05))
    (fp_line (start 2.45 1.12) (end 2.45 -1.12) (layer B.CrtYd) (width 0.05))
    (fp_line (start -2.45 1.12) (end 2.45 1.12) (layer B.CrtYd) (width 0.05))
    (fp_line (start -2.45 -1.12) (end -2.45 1.12) (layer B.CrtYd) (width 0.05))
    (fp_line (start -0.602064 -0.91) (end 0.602064 -0.91) (layer B.SilkS) (width 0.12))
    (fp_line (start -0.602064 0.91) (end 0.602064 0.91) (layer B.SilkS) (width 0.12))
    (fp_line (start 1.6 -0.8) (end -1.6 -0.8) (layer B.Fab) (width 0.1))
    (fp_line (start 1.6 0.8) (end 1.6 -0.8) (layer B.Fab) (width 0.1))
    (fp_line (start -1.6 0.8) (end 1.6 0.8) (layer B.Fab) (width 0.1))
    (fp_line (start -1.6 -0.8) (end -1.6 0.8) (layer B.Fab) (width 0.1))
    (fp_text user %R (at 0 0 -180) (layer B.Fab)
      (effects (font (size 0.8 0.8) (thickness 0.12)) (justify mirror))
    )
    (pad 2 smd roundrect (at 1.4875 0) (size 1.425 1.75) (layers B.Cu B.Paste B.Mask) (roundrect_rratio 0.175439)
      (net 23 GND))
    (pad 1 smd roundrect (at -1.4875 0) (size 1.425 1.75) (layers B.Cu B.Paste B.Mask) (roundrect_rratio 0.175439)
      (net 35 "Net-(D3-Pad7)"))
    (model ${KISYS3DMOD}/Capacitor_SMD.3dshapes/C_1206_3216Metric.wrl
      (at (xyz 0 0 0))
      (scale (xyz 1 1 1))
      (rotate (xyz 0 0 0))
    )
  )

  (module Capacitor_SMD:C_1206_3216Metric_Pad1.42x1.75mm_HandSolder (layer F.Cu) (tedit 5B301BBE) (tstamp 5F46DBC0)
    (at 86.36 137.16)
    (descr "Capacitor SMD 1206 (3216 Metric), square (rectangular) end terminal, IPC_7351 nominal with elongated pad for handsoldering. (Body size source: http://www.tortai-tech.com/upload/download/2011102023233369053.pdf), generated with kicad-footprint-generator")
    (tags "capacitor handsolder")
    (path /5F44A08F)
    (attr smd)
    (fp_text reference R11 (at 0 -1.82) (layer F.SilkS)
      (effects (font (size 1 1) (thickness 0.15)))
    )
    (fp_text value 100k (at 0 1.82) (layer F.Fab)
      (effects (font (size 1 1) (thickness 0.15)))
    )
    (fp_line (start 2.45 1.12) (end -2.45 1.12) (layer F.CrtYd) (width 0.05))
    (fp_line (start 2.45 -1.12) (end 2.45 1.12) (layer F.CrtYd) (width 0.05))
    (fp_line (start -2.45 -1.12) (end 2.45 -1.12) (layer F.CrtYd) (width 0.05))
    (fp_line (start -2.45 1.12) (end -2.45 -1.12) (layer F.CrtYd) (width 0.05))
    (fp_line (start -0.602064 0.91) (end 0.602064 0.91) (layer F.SilkS) (width 0.12))
    (fp_line (start -0.602064 -0.91) (end 0.602064 -0.91) (layer F.SilkS) (width 0.12))
    (fp_line (start 1.6 0.8) (end -1.6 0.8) (layer F.Fab) (width 0.1))
    (fp_line (start 1.6 -0.8) (end 1.6 0.8) (layer F.Fab) (width 0.1))
    (fp_line (start -1.6 -0.8) (end 1.6 -0.8) (layer F.Fab) (width 0.1))
    (fp_line (start -1.6 0.8) (end -1.6 -0.8) (layer F.Fab) (width 0.1))
    (fp_text user %R (at 0 0) (layer F.Fab)
      (effects (font (size 0.8 0.8) (thickness 0.12)))
    )
    (pad 2 smd roundrect (at 1.4875 0) (size 1.425 1.75) (layers F.Cu F.Paste F.Mask) (roundrect_rratio 0.175439)
      (net 35 "Net-(D3-Pad7)"))
    (pad 1 smd roundrect (at -1.4875 0) (size 1.425 1.75) (layers F.Cu F.Paste F.Mask) (roundrect_rratio 0.175439)
      (net 37 "Net-(D3-Pad6)"))
    (model ${KISYS3DMOD}/Capacitor_SMD.3dshapes/C_1206_3216Metric.wrl
      (at (xyz 0 0 0))
      (scale (xyz 1 1 1))
      (rotate (xyz 0 0 0))
    )
  )

  (module Capacitor_SMD:C_1206_3216Metric_Pad1.42x1.75mm_HandSolder (layer F.Cu) (tedit 5B301BBE) (tstamp 5F46DB9E)
    (at 88.9 134.62 180)
    (descr "Capacitor SMD 1206 (3216 Metric), square (rectangular) end terminal, IPC_7351 nominal with elongated pad for handsoldering. (Body size source: http://www.tortai-tech.com/upload/download/2011102023233369053.pdf), generated with kicad-footprint-generator")
    (tags "capacitor handsolder")
    (path /5F4A3343)
    (attr smd)
    (fp_text reference R9 (at 0 -1.82) (layer F.SilkS)
      (effects (font (size 1 1) (thickness 0.15)))
    )
    (fp_text value 200K (at 0 1.82) (layer F.Fab)
      (effects (font (size 1 1) (thickness 0.15)))
    )
    (fp_line (start 2.45 1.12) (end -2.45 1.12) (layer F.CrtYd) (width 0.05))
    (fp_line (start 2.45 -1.12) (end 2.45 1.12) (layer F.CrtYd) (width 0.05))
    (fp_line (start -2.45 -1.12) (end 2.45 -1.12) (layer F.CrtYd) (width 0.05))
    (fp_line (start -2.45 1.12) (end -2.45 -1.12) (layer F.CrtYd) (width 0.05))
    (fp_line (start -0.602064 0.91) (end 0.602064 0.91) (layer F.SilkS) (width 0.12))
    (fp_line (start -0.602064 -0.91) (end 0.602064 -0.91) (layer F.SilkS) (width 0.12))
    (fp_line (start 1.6 0.8) (end -1.6 0.8) (layer F.Fab) (width 0.1))
    (fp_line (start 1.6 -0.8) (end 1.6 0.8) (layer F.Fab) (width 0.1))
    (fp_line (start -1.6 -0.8) (end 1.6 -0.8) (layer F.Fab) (width 0.1))
    (fp_line (start -1.6 0.8) (end -1.6 -0.8) (layer F.Fab) (width 0.1))
    (fp_text user %R (at 0 0) (layer F.Fab)
      (effects (font (size 0.8 0.8) (thickness 0.12)))
    )
    (pad 2 smd roundrect (at 1.4875 0 180) (size 1.425 1.75) (layers F.Cu F.Paste F.Mask) (roundrect_rratio 0.175439)
      (net 38 "Net-(D3-Pad2)"))
    (pad 1 smd roundrect (at -1.4875 0 180) (size 1.425 1.75) (layers F.Cu F.Paste F.Mask) (roundrect_rratio 0.175439)
      (net 39 /1))
    (model ${KISYS3DMOD}/Capacitor_SMD.3dshapes/C_1206_3216Metric.wrl
      (at (xyz 0 0 0))
      (scale (xyz 1 1 1))
      (rotate (xyz 0 0 0))
    )
  )

  (module Capacitor_SMD:C_1206_3216Metric_Pad1.42x1.75mm_HandSolder (layer F.Cu) (tedit 5B301BBE) (tstamp 5F46DB8D)
    (at 88.9 132.08)
    (descr "Capacitor SMD 1206 (3216 Metric), square (rectangular) end terminal, IPC_7351 nominal with elongated pad for handsoldering. (Body size source: http://www.tortai-tech.com/upload/download/2011102023233369053.pdf), generated with kicad-footprint-generator")
    (tags "capacitor handsolder")
    (path /5F47DCB7)
    (attr smd)
    (fp_text reference R8 (at 0 -1.82) (layer F.SilkS)
      (effects (font (size 1 1) (thickness 0.15)))
    )
    (fp_text value 10k (at 0 1.82) (layer F.Fab)
      (effects (font (size 1 1) (thickness 0.15)))
    )
    (fp_line (start 2.45 1.12) (end -2.45 1.12) (layer F.CrtYd) (width 0.05))
    (fp_line (start 2.45 -1.12) (end 2.45 1.12) (layer F.CrtYd) (width 0.05))
    (fp_line (start -2.45 -1.12) (end 2.45 -1.12) (layer F.CrtYd) (width 0.05))
    (fp_line (start -2.45 1.12) (end -2.45 -1.12) (layer F.CrtYd) (width 0.05))
    (fp_line (start -0.602064 0.91) (end 0.602064 0.91) (layer F.SilkS) (width 0.12))
    (fp_line (start -0.602064 -0.91) (end 0.602064 -0.91) (layer F.SilkS) (width 0.12))
    (fp_line (start 1.6 0.8) (end -1.6 0.8) (layer F.Fab) (width 0.1))
    (fp_line (start 1.6 -0.8) (end 1.6 0.8) (layer F.Fab) (width 0.1))
    (fp_line (start -1.6 -0.8) (end 1.6 -0.8) (layer F.Fab) (width 0.1))
    (fp_line (start -1.6 0.8) (end -1.6 -0.8) (layer F.Fab) (width 0.1))
    (fp_text user %R (at 0 0) (layer F.Fab)
      (effects (font (size 0.8 0.8) (thickness 0.12)))
    )
    (pad 2 smd roundrect (at 1.4875 0) (size 1.425 1.75) (layers F.Cu F.Paste F.Mask) (roundrect_rratio 0.175439)
      (net 32 "Net-(R1-Pad2)"))
    (pad 1 smd roundrect (at -1.4875 0) (size 1.425 1.75) (layers F.Cu F.Paste F.Mask) (roundrect_rratio 0.175439)
      (net 38 "Net-(D3-Pad2)"))
    (model ${KISYS3DMOD}/Capacitor_SMD.3dshapes/C_1206_3216Metric.wrl
      (at (xyz 0 0 0))
      (scale (xyz 1 1 1))
      (rotate (xyz 0 0 0))
    )
  )

  (module Capacitor_SMD:C_1206_3216Metric_Pad1.42x1.75mm_HandSolder (layer B.Cu) (tedit 5B301BBE) (tstamp 5F46DB7C)
    (at 88.9 123.19 270)
